#Z=0.001000 Y=0.232000 OS=0.20 l/Hp=1.743201 [Fe/H]=-1.505247 [Alpha/Fe]= 0.30   
#age(Gyr)= 8.000 140 points
#  M/Msun     logT  logL/Ls   logg    Mv     U-B    B-V    V-R    V-I    V-J    V-H    V-K    V-L    V-M     #(x=-1)    #(x=1.35)    #(x=3)
 
 0.4000000  3.5622 -1.6134  4.8542 10.112  1.015  1.508  1.047  2.019  2.903  3.520  3.741  3.902  4.768  2.0320E+01  7.4049E+01  1.6180E+02
 0.4203204  3.5786 -1.5205  4.8484  9.632  0.974  1.412  0.929  1.789  2.643  3.219  3.429  3.602  4.417  4.0639E+01  1.3586E+02  2.7955E+02
 0.4406387  3.5950 -1.4274  4.8414  9.204  0.908  1.311  0.851  1.648  2.385  2.924  3.126  3.317  4.080  4.0629E+01  1.2155E+02  2.3136E+02
 0.4609499  3.6114 -1.3341  4.8333  8.822  0.822  1.225  0.764  1.490  2.215  2.728  2.917  3.100  3.818  4.0663E+01  1.0942E+02  1.9330E+02
 0.4813014  3.6278 -1.2403  4.8238  8.471  0.723  1.149  0.672  1.320  2.092  2.597  2.767  2.923  3.600  4.0862E+01  9.9319E+01  1.6336E+02
 0.5018121  3.6441 -1.1467  4.8136  8.152  0.653  1.087  0.612  1.199  1.988  2.501  2.656  2.803  3.461  4.4610E+01  9.7913E+01  1.4992E+02
 0.5259116  3.6599 -1.0531  4.8035  7.829  0.568  1.019  0.554  1.082  1.869  2.383  2.526  2.659  3.296  4.7957E+01  9.4697E+01  1.3463E+02
 0.5497687  3.6757 -0.9593  4.7922  7.495  0.447  0.935  0.493  0.966  1.714  2.211  2.342  2.458  3.062  4.7470E+01  8.4448E+01  1.1157E+02
 0.5733812  3.6916 -0.8652  4.7800  7.190  0.279  0.850  0.456  0.902  1.574  2.043  2.162  2.267  2.835  4.6918E+01  7.5612E+01  9.3196E+01
 0.5966865  3.7074 -0.7708  4.7661  6.918  0.116  0.765  0.431  0.861  1.472  1.922  2.029  2.127  2.670  2.7703E+01  4.1393E+01  4.8366E+01
 0.6010838  3.7102 -0.7534  4.7631  6.871  0.089  0.750  0.428  0.856  1.458  1.906  2.012  2.107  2.648  9.6606E+00  1.3911E+01  1.5836E+01
 0.6063471  3.7128 -0.7351  4.7589  6.823  0.065  0.736  0.425  0.850  1.445  1.891  1.995  2.090  2.628  1.0566E+01  1.4918E+01  1.6749E+01
 0.6116493  3.7154 -0.7165  4.7545  6.774  0.042  0.723  0.422  0.845  1.432  1.876  1.978  2.071  2.607  1.0706E+01  1.4810E+01  1.6390E+01
 0.6170535  3.7180 -0.6976  4.7498  6.723  0.021  0.710  0.419  0.839  1.418  1.860  1.960  2.052  2.584  1.0706E+01  1.4509E+01  1.5828E+01
 0.6223549  3.7206 -0.6789  4.7453  6.673  0.000  0.697  0.415  0.833  1.403  1.842  1.941  2.031  2.559  1.0586E+01  1.4060E+01  1.5122E+01
 0.6276394  3.7232 -0.6602  4.7406  6.623 -0.019  0.684  0.411  0.827  1.388  1.823  1.919  2.008  2.532  1.0499E+01  1.3671E+01  1.4500E+01
 0.6328540  3.7258 -0.6417  4.7361  6.573 -0.038  0.671  0.408  0.821  1.372  1.802  1.897  1.985  2.502  1.0477E+01  1.3378E+01  1.3996E+01
 0.6381166  3.7283 -0.6228  4.7308  6.522 -0.055  0.660  0.404  0.815  1.356  1.781  1.874  1.961  2.473  1.0499E+01  1.3148E+01  1.3570E+01
 0.6433530  3.7309 -0.6041  4.7261  6.472 -0.071  0.647  0.400  0.809  1.340  1.759  1.850  1.936  2.441  1.0507E+01  1.2908E+01  1.3143E+01
 0.6486240  3.7334 -0.5851  4.7206  6.421 -0.087  0.636  0.397  0.802  1.324  1.737  1.827  1.911  2.409  1.0506E+01  1.2661E+01  1.2720E+01
 0.6538585  3.7360 -0.5661  4.7155  6.369 -0.103  0.624  0.393  0.795  1.308  1.715  1.803  1.885  2.376  1.0491E+01  1.2406E+01  1.2299E+01
 0.6591146  3.7385 -0.5468  4.7097  6.318 -0.117  0.613  0.389  0.788  1.293  1.693  1.779  1.861  2.345  1.0474E+01  1.2156E+01  1.1893E+01
 0.6643324  3.7411 -0.5277  4.7044  6.266 -0.132  0.601  0.384  0.780  1.277  1.672  1.756  1.835  2.312  1.0435E+01  1.1888E+01  1.1481E+01
 0.6695495  3.7436 -0.5084  4.6985  6.215 -0.147  0.590  0.379  0.772  1.261  1.650  1.732  1.810  2.279  1.0417E+01  1.1651E+01  1.1108E+01
 0.6747491  3.7461 -0.4891  4.6926  6.163 -0.162  0.579  0.374  0.763  1.244  1.628  1.707  1.783  2.245  1.0434E+01  1.1460E+01  1.0786E+01
 0.6799834  3.7486 -0.4695  4.6863  6.110 -0.177  0.568  0.369  0.754  1.228  1.606  1.682  1.757  2.210  1.0468E+01  1.1290E+01  1.0492E+01
 0.6852169  3.7510 -0.4497  4.6795  6.058 -0.189  0.558  0.364  0.744  1.212  1.586  1.658  1.731  2.177  1.0486E+01  1.1108E+01  1.0193E+01
 0.6904695  3.7535 -0.4298  4.6729  6.004 -0.201  0.547  0.359  0.734  1.196  1.565  1.634  1.706  2.144  1.0424E+01  1.0847E+01  9.8292E+00
 0.6956408  3.7560 -0.4100  4.6663  5.952 -0.211  0.537  0.353  0.724  1.181  1.545  1.612  1.682  2.113  1.0691E+01  1.0927E+01  9.7787E+00
 0.7011607  3.7583 -0.3893  4.6582  5.897 -0.218  0.529  0.348  0.714  1.168  1.528  1.593  1.661  2.086  1.1904E+01  1.1938E+01  1.0542E+01
 0.7075449  3.7605 -0.3674  4.6491  5.840 -0.224  0.521  0.344  0.706  1.157  1.513  1.577  1.643  2.063  1.2907E+01  1.2679E+01  1.1034E+01
 0.7140673  3.7626 -0.3449  4.6390  5.782 -0.229  0.514  0.340  0.698  1.147  1.500  1.563  1.628  2.044  1.3011E+01  1.2510E+01  1.0725E+01
 0.7205558  3.7647 -0.3222  4.6286  5.724 -0.232  0.507  0.335  0.690  1.138  1.489  1.550  1.614  2.026  1.2971E+01  1.2209E+01  1.0312E+01
 0.7270385  3.7668 -0.2993  4.6180  5.665 -0.235  0.500  0.331  0.682  1.130  1.478  1.538  1.601  2.009  1.2996E+01  1.1977E+01  9.9673E+00
 0.7335516  3.7688 -0.2760  4.6066  5.605 -0.238  0.493  0.327  0.674  1.122  1.467  1.527  1.588  1.993  1.2784E+01  1.1540E+01  9.4646E+00
 0.7398223  3.7709 -0.2533  4.5960  5.547 -0.240  0.487  0.323  0.667  1.114  1.456  1.516  1.575  1.976  1.2733E+01  1.1262E+01  9.1057E+00
 0.7462842  3.7729 -0.2297  4.5841  5.486 -0.241  0.481  0.319  0.659  1.105  1.445  1.504  1.562  1.960  1.2710E+01  1.1019E+01  8.7839E+00
 0.7525328  3.7750 -0.2065  4.5729  5.426 -0.242  0.475  0.315  0.651  1.096  1.433  1.491  1.548  1.942  1.2510E+01  1.0633E+01  8.3592E+00
 0.7587942  3.7770 -0.1829  4.5609  5.365 -0.243  0.470  0.311  0.643  1.087  1.421  1.478  1.533  1.923  1.2507E+01  1.0426E+01  8.0853E+00
 0.7650402  3.7790 -0.1590  4.5486  5.302 -0.243  0.464  0.308  0.636  1.076  1.407  1.463  1.516  1.902  1.2477E+01  1.0202E+01  7.8057E+00
 0.7712715  3.7809 -0.1349  4.5356  5.239 -0.242  0.459  0.304  0.629  1.064  1.392  1.447  1.499  1.880  1.2374E+01  9.9272E+00  7.4945E+00
 0.7774141  3.7829 -0.1107  4.5229  5.175 -0.241  0.454  0.301  0.621  1.052  1.375  1.429  1.480  1.856  1.2167E+01  9.5814E+00  7.1395E+00
 0.7834389  3.7849 -0.0867  4.5102  5.111 -0.240  0.449  0.297  0.614  1.038  1.357  1.411  1.460  1.830  1.2060E+01  9.3254E+00  6.8603E+00
 0.7894743  3.7868 -0.0622  4.4967  5.046 -0.238  0.445  0.294  0.607  1.024  1.340  1.392  1.439  1.804  1.1849E+01  8.9999E+00  6.5384E+00
 0.7952880  3.7888 -0.0381  4.4837  4.981 -0.236  0.440  0.290  0.599  1.010  1.320  1.371  1.417  1.776  1.1793E+01  8.8016E+00  6.3160E+00
 0.8012672  3.7907 -0.0136  4.4701  4.916 -0.233  0.436  0.287  0.592  0.995  1.301  1.351  1.396  1.749  1.2272E+01  8.9988E+00  6.3778E+00
 0.8075605  3.7927  0.0100  4.4579  4.853 -0.231  0.431  0.283  0.585  0.980  1.281  1.330  1.373  1.720  1.2575E+01  9.0549E+00  6.3363E+00
 0.8138424  3.7947  0.0341  4.4452  4.788 -0.228  0.426  0.280  0.577  0.965  1.262  1.309  1.350  1.692  1.2585E+01  8.8985E+00  6.1476E+00
 0.8201459  3.7966  0.0586  4.4316  4.723 -0.226  0.422  0.276  0.570  0.952  1.243  1.290  1.330  1.665  1.2468E+01  8.6579E+00  5.9062E+00
 0.8263101  3.7985  0.0831  4.4180  4.659 -0.224  0.417  0.273  0.563  0.938  1.225  1.270  1.308  1.638  1.2075E+01  8.2399E+00  5.5524E+00
 0.8322214  3.8005  0.1073  4.4049  4.595 -0.222  0.412  0.269  0.555  0.923  1.205  1.249  1.286  1.609  1.1880E+01  7.9701E+00  5.3069E+00
 0.8381901  3.8024  0.1322  4.3907  4.529 -0.220  0.408  0.265  0.548  0.909  1.186  1.229  1.265  1.581  1.1627E+01  7.6724E+00  5.0497E+00
 0.8438484  3.8044  0.1564  4.3774  4.465 -0.218  0.403  0.261  0.540  0.895  1.166  1.208  1.242  1.552  1.1339E+01  7.3633E+00  4.7920E+00
 0.8495292  3.8063  0.1813  4.3630  4.399 -0.216  0.398  0.258  0.533  0.881  1.147  1.188  1.220  1.524  1.1301E+01  7.2244E+00  4.6500E+00
 0.8551497  3.8082  0.2065  4.3483  4.333 -0.213  0.394  0.254  0.525  0.867  1.128  1.168  1.199  1.496  1.1289E+01  7.1050E+00  4.5235E+00
 0.8608182  3.8100  0.2326  4.3322  4.264 -0.211  0.389  0.251  0.519  0.854  1.109  1.148  1.178  1.470  1.1089E+01  6.8731E+00  4.3290E+00
 0.8662388  3.8119  0.2582  4.3170  4.197 -0.207  0.385  0.247  0.512  0.840  1.090  1.128  1.157  1.442  1.0787E+01  6.5872E+00  4.1057E+00
 0.8716054  3.8137  0.2841  4.3009  4.128 -0.204  0.381  0.244  0.505  0.827  1.072  1.110  1.137  1.416  1.0706E+01  6.4435E+00  3.9754E+00
 0.8769451  3.8155  0.3106  4.2843  4.058 -0.199  0.377  0.241  0.499  0.814  1.053  1.091  1.117  1.390  1.0750E+01  6.3771E+00  3.8948E+00
 0.8823553  3.8172  0.3379  4.2665  3.986 -0.195  0.373  0.238  0.494  0.801  1.036  1.072  1.098  1.365  1.0803E+01  6.3167E+00  3.8191E+00
 0.8877476  3.8188  0.3658  4.2476  3.913 -0.189  0.370  0.235  0.488  0.790  1.019  1.055  1.079  1.342  1.0768E+01  6.2068E+00  3.7152E+00
 0.8931230  3.8202  0.3951  4.2265  3.836 -0.184  0.366  0.232  0.484  0.779  1.004  1.040  1.063  1.321  1.0555E+01  5.9990E+00  3.5555E+00
 0.8983022  3.8215  0.4256  4.2037  3.757 -0.179  0.363  0.230  0.479  0.769  0.990  1.026  1.048  1.302  1.0526E+01  5.9007E+00  3.4634E+00
 0.9036492  3.8227  0.4570  4.1797  3.675 -0.174  0.361  0.227  0.475  0.760  0.977  1.013  1.035  1.285  1.1088E+01  6.1288E+00  3.5619E+00
 0.9093904  3.8234  0.4921  4.1502  3.585 -0.169  0.359  0.226  0.472  0.754  0.969  1.004  1.026  1.274  1.1620E+01  6.3289E+00  3.6404E+00
 0.9152692  3.8234  0.5310  4.1141  3.487 -0.165  0.358  0.225  0.472  0.753  0.967  1.003  1.025  1.272  1.0554E+01  5.6670E+00  3.2271E+00
 0.9199448  3.8225  0.5650  4.0787  3.402 -0.164  0.359  0.227  0.474  0.759  0.974  1.011  1.033  1.283  8.2605E+00  4.3822E+00  2.4744E+00
 0.9235297  3.8207  0.5933  4.0449  3.333 -0.166  0.362  0.229  0.479  0.771  0.991  1.028  1.052  1.307  6.4952E+00  3.4134E+00  1.9147E+00
 0.9264400  3.8184  0.6182  4.0121  3.274 -0.168  0.366  0.233  0.485  0.786  1.013  1.051  1.076  1.338  5.2457E+00  2.7363E+00  1.5269E+00
 0.9287754  3.8155  0.6398  3.9800  3.225 -0.172  0.372  0.238  0.494  0.807  1.041  1.080  1.108  1.378  4.3204E+00  2.2400E+00  1.2446E+00
 0.9307604  3.8122  0.6594  3.9482  3.181 -0.175  0.378  0.244  0.504  0.830  1.073  1.113  1.143  1.424  3.5845E+00  1.8492E+00  1.0239E+00
 0.9323599  3.8086  0.6763  3.9176  3.144 -0.177  0.386  0.250  0.517  0.855  1.109  1.150  1.183  1.475  2.8728E+00  1.4760E+00  8.1492E-01
 0.9336332  3.8048  0.6904  3.8889  3.115 -0.179  0.394  0.257  0.531  0.883  1.147  1.190  1.225  1.530  2.3607E+00  1.2089E+00  6.6591E-01
 0.9347206  3.8010  0.7028  3.8618  3.091 -0.181  0.402  0.264  0.545  0.910  1.185  1.230  1.268  1.585  1.9836E+00  1.0130E+00  5.5694E-01
 0.9356168  3.7971  0.7134  3.8360  3.071 -0.183  0.410  0.271  0.560  0.938  1.223  1.271  1.311  1.641  1.7220E+00  8.7739E-01  4.8158E-01
 0.9364426  3.7932  0.7232  3.8110  3.055 -0.186  0.419  0.279  0.575  0.967  1.261  1.311  1.354  1.696  1.5507E+00  7.8848E-01  4.3216E-01
 0.9371675  3.7893  0.7318  3.7871  3.042 -0.191  0.427  0.286  0.589  0.996  1.300  1.352  1.399  1.753  1.3843E+00  7.0258E-01  3.8458E-01
 0.9378269  3.7853  0.7393  3.7639  3.032 -0.196  0.436  0.293  0.604  1.026  1.339  1.394  1.443  1.809  1.2715E+00  6.4426E-01  3.5224E-01
 0.9384390  3.7814  0.7460  3.7419  3.024 -0.199  0.445  0.300  0.619  1.053  1.374  1.431  1.484  1.860  1.1639E+00  5.8884E-01  3.2160E-01
 0.9389908  3.7774  0.7514  3.7208  3.017 -0.201  0.455  0.308  0.634  1.077  1.406  1.465  1.520  1.906  1.0523E+00  5.3164E-01  2.9008E-01
 0.9394913  3.7734  0.7559  3.7005  3.011 -0.201  0.465  0.316  0.650  1.096  1.432  1.492  1.550  1.945  1.0140E+00  5.1163E-01  2.7890E-01
 0.9400048  3.7694  0.7601  3.6806  3.006 -0.201  0.476  0.323  0.665  1.114  1.456  1.517  1.576  1.979  9.7390E-01  4.9079E-01  2.6731E-01
 0.9404652  3.7653  0.7637  3.6608  3.002 -0.200  0.487  0.331  0.681  1.131  1.479  1.541  1.603  2.013  9.1580E-01  4.6096E-01  2.5086E-01
 0.9409206  3.7613  0.7674  3.6413  2.997 -0.197  0.500  0.339  0.697  1.150  1.504  1.568  1.632  2.050  9.3080E-01  4.6797E-01  2.5447E-01
 0.9413960  3.7573  0.7720  3.6209  2.991 -0.191  0.513  0.347  0.713  1.172  1.534  1.599  1.666  2.094  9.7250E-01  4.8836E-01  2.6533E-01
 0.9418931  3.7534  0.7784  3.5991  2.982 -0.180  0.528  0.356  0.729  1.196  1.566  1.635  1.704  2.144  9.9980E-01  5.0145E-01  2.7221E-01
 0.9423958  3.7494  0.7876  3.5742  2.965 -0.166  0.544  0.365  0.746  1.222  1.601  1.674  1.747  2.199  1.0743E+00  5.3812E-01  2.9185E-01
 0.9429674  3.7457  0.8025  3.5447  2.934 -0.149  0.559  0.372  0.760  1.247  1.635  1.712  1.787  2.251  1.1713E+00  5.8588E-01  3.1744E-01
 0.9435671  3.7422  0.8228  3.5107  2.889 -0.132  0.574  0.379  0.773  1.271  1.667  1.747  1.824  2.299  1.2258E+00  6.1223E-01  3.3137E-01
 0.9441932  3.7392  0.8492  3.4726  2.828 -0.119  0.587  0.384  0.783  1.290  1.693  1.776  1.854  2.338  1.2472E+00  6.2196E-01  3.3627E-01
 0.9448143  3.7366  0.8799  3.4318  2.755 -0.107  0.599  0.389  0.790  1.306  1.715  1.800  1.880  2.371  1.2279E+00  6.1139E-01  3.3020E-01
 0.9454211  3.7345  0.9138  3.3897  2.673 -0.096  0.609  0.392  0.795  1.319  1.733  1.819  1.900  2.397  1.1814E+00  5.8736E-01  3.1689E-01
 0.9459957  3.7327  0.9494  3.3472  2.587 -0.086  0.618  0.394  0.799  1.331  1.748  1.835  1.918  2.419  1.1190E+00  5.5554E-01  2.9942E-01
 0.9465401  3.7311  0.9861  3.3044  2.497 -0.078  0.626  0.396  0.803  1.341  1.761  1.849  1.933  2.438  1.0572E+00  5.2415E-01  2.8223E-01
 0.9470529  3.7297  1.0235  3.2616  2.406 -0.069  0.633  0.398  0.807  1.349  1.773  1.862  1.947  2.455  9.9480E-01  4.9259E-01  2.6500E-01
 0.9475349  3.7284  1.0613  3.2188  2.313 -0.062  0.639  0.400  0.810  1.358  1.784  1.874  1.959  2.471  9.4580E-01  4.6776E-01  2.5143E-01
 0.9479987  3.7271  1.0994  3.1757  2.220 -0.054  0.645  0.402  0.813  1.366  1.795  1.885  1.972  2.486  8.8300E-01  4.3621E-01  2.3428E-01
 0.9484179  3.7259  1.1375  3.1330  2.126 -0.047  0.650  0.404  0.816  1.373  1.805  1.896  1.983  2.501  8.4010E-01  4.1457E-01  2.2250E-01
 0.9488388  3.7246  1.1756  3.0899  2.033 -0.039  0.656  0.406  0.820  1.381  1.816  1.908  1.995  2.516  8.2380E-01  4.0611E-01  2.1780E-01
 0.9492417  3.7234  1.2139  3.0470  1.939 -0.032  0.662  0.408  0.823  1.389  1.827  1.918  2.006  2.530  7.9440E-01  3.9122E-01  2.0967E-01
 0.9496332  3.7222  1.2521  3.0042  1.846 -0.025  0.667  0.410  0.827  1.396  1.837  1.929  2.017  2.544  7.4810E-01  3.6807E-01  1.9713E-01
 0.9499898  3.7209  1.2903  2.9609  1.753 -0.018  0.672  0.412  0.831  1.404  1.848  1.941  2.029  2.558  6.8420E-01  3.3633E-01  1.8002E-01
 0.9503174  3.7196  1.3284  2.9178  1.661 -0.010  0.677  0.415  0.835  1.412  1.859  1.953  2.040  2.573  6.3550E-01  3.1214E-01  1.6697E-01
 0.9506253  3.7183  1.3664  2.8747  1.569 -0.003  0.682  0.417  0.840  1.421  1.870  1.965  2.052  2.588  5.9890E-01  2.9394E-01  1.5715E-01
 0.9509163  3.7170  1.4046  2.8315  1.476  0.004  0.687  0.420  0.845  1.429  1.882  1.977  2.064  2.602  5.6260E-01  2.7592E-01  1.4745E-01
 0.9511879  3.7157  1.4427  2.7883  1.385  0.011  0.692  0.423  0.851  1.437  1.893  1.989  2.075  2.616  5.1740E-01  2.5359E-01  1.3545E-01
 0.9514337  3.7142  1.4798  2.7453  1.296  0.019  0.697  0.427  0.858  1.447  1.906  2.003  2.088  2.633  4.8030E-01  2.3526E-01  1.2560E-01
 0.9516682  3.7129  1.5179  2.7021  1.205  0.026  0.702  0.431  0.864  1.455  1.918  2.015  2.099  2.647  4.5100E-01  2.2078E-01  1.1782E-01
 0.9518847  3.7114  1.5554  2.6587  1.116  0.034  0.707  0.435  0.872  1.464  1.931  2.029  2.112  2.664  4.1730E-01  2.0417E-01  1.0892E-01
 0.9520855  3.7099  1.5927  2.6155  1.027  0.042  0.712  0.439  0.880  1.474  1.945  2.044  2.125  2.680  5.0270E-01  2.4582E-01  1.3108E-01
 0.9523874  3.7075  1.6553  2.5434  0.879  0.055  0.721  0.446  0.892  1.489  1.966  2.066  2.146  2.706  5.6910E-01  2.7810E-01  1.4823E-01
 0.9526546  3.7048  1.7169  2.4712  0.734  0.070  0.731  0.454  0.906  1.506  1.989  2.091  2.169  2.734  5.0190E-01  2.4510E-01  1.3058E-01
 0.9528893  3.7020  1.7779  2.3991  0.590  0.087  0.742  0.461  0.919  1.523  2.013  2.115  2.192  2.763  4.4280E-01  2.1611E-01  1.1509E-01
 0.9530974  3.6992  1.8390  2.3269  0.445  0.105  0.754  0.468  0.931  1.539  2.035  2.139  2.215  2.791  4.0690E-01  1.9849E-01  1.0567E-01
 0.9532962  3.6964  1.9000  2.2548  0.299  0.126  0.768  0.474  0.942  1.555  2.056  2.161  2.237  2.817  3.9430E-01  1.9225E-01  1.0231E-01
 0.9534917  3.6934  1.9601  2.1827  0.155  0.151  0.784  0.481  0.952  1.570  2.078  2.184  2.261  2.844  3.7120E-01  1.8090E-01  9.6237E-02
 0.9536674  3.6904  2.0201  2.1108  0.011  0.178  0.802  0.487  0.962  1.585  2.098  2.205  2.284  2.869  5.5170E-01  2.6871E-01  1.4290E-01
 0.9540434  3.6877  2.0814  2.0389 -0.137  0.205  0.819  0.492  0.970  1.599  2.116  2.225  2.305  2.892  5.3870E-01  2.6220E-01  1.3937E-01
 0.9542061  3.6845  2.1403  1.9673 -0.277  0.239  0.839  0.498  0.981  1.615  2.138  2.248  2.331  2.919  2.6710E-01  1.2994E-01  6.9044E-02
 0.9543105  3.6812  2.1989  1.8955 -0.416  0.275  0.861  0.505  0.992  1.633  2.162  2.274  2.358  2.949  2.0000E-01  9.7270E-02  5.1674E-02
 0.9544061  3.6778  2.2565  1.8244 -0.550  0.312  0.884  0.513  1.004  1.654  2.188  2.302  2.389  2.982  1.8180E-01  8.8398E-02  4.6952E-02
 0.9544923  3.6743  2.3142  1.7527 -0.682  0.351  0.907  0.521  1.019  1.677  2.219  2.334  2.423  3.019  1.6330E-01  7.9386E-02  4.2159E-02
 0.9545694  3.6708  2.3711  1.6818 -0.811  0.393  0.931  0.530  1.034  1.703  2.253  2.369  2.460  3.059  1.4760E-01  7.1740E-02  3.8094E-02
 0.9546399  3.6672  2.4282  1.6104 -0.938  0.438  0.956  0.539  1.051  1.732  2.290  2.408  2.501  3.102  1.3380E-01  6.5021E-02  3.4522E-02
 0.9547032  3.6636  2.4847  1.5395 -1.061  0.486  0.983  0.549  1.068  1.763  2.330  2.449  2.544  3.148  1.2020E-01  5.8403E-02  3.1005E-02
 0.9547601  3.6599  2.5408  1.4686 -1.181  0.536  1.010  0.560  1.087  1.797  2.373  2.493  2.590  3.197  1.0850E-01  5.2711E-02  2.7980E-02
 0.9548117  3.6562  2.5966  1.3980 -1.298  0.587  1.038  0.572  1.108  1.832  2.418  2.539  2.638  3.248  9.7800E-02  4.7506E-02  2.5215E-02
 0.9548579  3.6524  2.6521  1.3274 -1.413  0.637  1.068  0.586  1.133  1.869  2.465  2.588  2.690  3.304  8.7900E-02  4.2693E-02  2.2658E-02
 0.9548996  3.6485  2.7072  1.2567 -1.523  0.690  1.099  0.603  1.162  1.908  2.514  2.641  2.744  3.364  7.8800E-02  3.8269E-02  2.0309E-02
 0.9549367  3.6446  2.7617  1.1866 -1.629  0.743  1.131  0.623  1.195  1.949  2.565  2.696  2.802  3.428  7.1100E-02  3.4526E-02  1.8322E-02
 0.9549707  3.6406  2.8158  1.1165 -1.730  0.799  1.164  0.645  1.233  1.994  2.620  2.755  2.864  3.497  6.6000E-02  3.2047E-02  1.7005E-02
 0.9550027  3.6366  2.8696  1.0467 -1.827  0.856  1.198  0.669  1.273  2.040  2.677  2.818  2.928  3.569  6.0000E-02  2.9131E-02  1.5457E-02
 0.9550307  3.6326  2.9233  0.9770 -1.922  0.913  1.232  0.692  1.313  2.089  2.736  2.882  2.995  3.643  5.4700E-02  2.6556E-02  1.4090E-02
 0.9550574  3.6285  2.9769  0.9071 -2.014  0.971  1.267  0.713  1.353  2.142  2.800  2.951  3.066  3.721  5.0400E-02  2.4467E-02  1.2981E-02
 0.9550811  3.6245  3.0303  0.8377 -2.106  1.028  1.300  0.732  1.389  2.196  2.866  3.019  3.137  3.799  4.6600E-02  2.2621E-02  1.2001E-02
 0.9551040  3.6204  3.0837  0.7679 -2.195  1.086  1.334  0.750  1.424  2.253  2.936  3.092  3.212  3.880  4.2800E-02  2.0775E-02  1.1021E-02
 0.9551239  3.6163  3.1372  0.6980 -2.281  1.146  1.368  0.767  1.459  2.314  3.009  3.167  3.289  3.965  3.9800E-02  1.9318E-02  1.0248E-02
 0.9551438  3.6123  3.1908  0.6284 -2.366  1.204  1.402  0.785  1.495  2.376  3.084  3.244  3.369  4.052  4.6500E-02  2.2569E-02  1.1972E-02
 0.9551704  3.6083  3.2447  0.5585 -2.448  1.262  1.437  0.803  1.534  2.443  3.163  3.326  3.453  4.144  5.6400E-02  2.7372E-02  1.4519E-02
 0.9552002  3.6043  3.2989  0.4883 -2.525  1.320  1.473  0.824  1.577  2.513  3.247  3.413  3.543  4.243  2.9800E-02  1.4462E-02  7.6709E-03
