#Z=0.001000 Y=0.232000 OS=0.20 l/Hp=1.743201 [Fe/H]=-1.505247 [Alpha/Fe]= 0.30   
#age(Gyr)=10.000 140 points
#  M/Msun     logT  logL/Ls   logg    Mv     U-B    B-V    V-R    V-I    V-J    V-H    V-K    V-L    V-M     #(x=-1)    #(x=1.35)    #(x=3)
 0.4000000  3.5633 -1.6056  4.8508 10.072  1.013  1.502  1.036  1.999  2.883  3.497  3.717  3.879  4.741  1.9472E+01  7.1044E+01  1.5537E+02
 0.4194721  3.5791 -1.5159  4.8449  9.614  0.973  1.408  0.926  1.784  2.635  3.210  3.419  3.593  4.406  3.8964E+01  1.3087E+02  2.7015E+02
 0.4389639  3.5949 -1.4258  4.8378  9.202  0.908  1.312  0.852  1.649  2.387  2.926  3.128  3.318  4.082  3.8900E+01  1.1743E+02  2.2491E+02
 0.4583716  3.6107 -1.3359  4.8298  8.833  0.826  1.229  0.769  1.497  2.221  2.735  2.925  3.109  3.829  3.8802E+01  1.0580E+02  1.8864E+02
 0.4777657  3.6265 -1.2454  4.8205  8.492  0.730  1.155  0.678  1.331  2.101  2.607  2.778  2.935  3.615  3.8728E+01  9.5798E+01  1.5952E+02
 0.4970996  3.6423 -1.1548  4.8104  8.181  0.661  1.094  0.618  1.211  1.999  2.512  2.668  2.815  3.475  4.1753E+01  9.3743E+01  1.4583E+02
 0.5195192  3.6576 -1.0639  4.7998  7.871  0.583  1.031  0.563  1.101  1.890  2.405  2.550  2.685  3.327  4.5094E+01  9.1583E+01  1.3279E+02
 0.5421933  3.6729 -0.9729  4.7886  7.544  0.471  0.950  0.502  0.982  1.740  2.241  2.374  2.493  3.103  4.4976E+01  8.2672E+01  1.1176E+02
 0.5644954  3.6882 -0.8820  4.7764  7.245  0.318  0.868  0.463  0.913  1.602  2.077  2.199  2.306  2.882  4.4457E+01  7.4310E+01  9.3966E+01
 0.5866506  3.7034 -0.7900  4.7619  6.972  0.155  0.787  0.436  0.870  1.493  1.946  2.057  2.156  2.704  2.6043E+01  4.0482E+01  4.8632E+01
 0.5905381  3.7062 -0.7736  4.7596  6.927  0.127  0.772  0.433  0.864  1.478  1.929  2.037  2.135  2.680  7.8551E+00  1.1801E+01  1.3839E+01
 0.5945057  3.7089 -0.7569  4.7566  6.882  0.101  0.757  0.430  0.858  1.464  1.914  2.020  2.116  2.659  7.8780E+00  1.1652E+01  1.3516E+01
 0.5984161  3.7116 -0.7403  4.7536  6.837  0.076  0.743  0.426  0.853  1.451  1.898  2.003  2.098  2.637  8.4622E+00  1.2316E+01  1.4126E+01
 0.6029679  3.7142 -0.7228  4.7498  6.791  0.052  0.729  0.423  0.848  1.438  1.883  1.986  2.080  2.617  9.5438E+00  1.3648E+01  1.5461E+01
 0.6079599  3.7167 -0.7047  4.7453  6.743  0.031  0.716  0.420  0.842  1.425  1.868  1.970  2.062  2.596  9.9840E+00  1.4010E+01  1.5661E+01
 0.6129519  3.7192 -0.6865  4.7406  6.694  0.011  0.703  0.417  0.837  1.411  1.852  1.951  2.043  2.573  9.8431E+00  1.3551E+01  1.4947E+01
 0.6178030  3.7217 -0.6686  4.7362  6.646 -0.008  0.691  0.414  0.831  1.397  1.834  1.932  2.022  2.548  9.8708E+00  1.3336E+01  1.4516E+01
 0.6228227  3.7241 -0.6501  4.7308  6.596 -0.026  0.679  0.410  0.825  1.382  1.816  1.912  2.000  2.522  9.9718E+00  1.3221E+01  1.4203E+01
 0.6277748  3.7266 -0.6317  4.7258  6.547 -0.043  0.667  0.407  0.819  1.367  1.796  1.890  1.977  2.493  9.8511E+00  1.2820E+01  1.3593E+01
 0.6326738  3.7290 -0.6134  4.7205  6.498 -0.059  0.656  0.403  0.813  1.352  1.775  1.868  1.954  2.464  9.8005E+00  1.2523E+01  1.3108E+01
 0.6375753  3.7315 -0.5950  4.7155  6.448 -0.076  0.644  0.400  0.807  1.336  1.754  1.845  1.930  2.433  9.8141E+00  1.2315E+01  1.2727E+01
 0.6424879  3.7339 -0.5763  4.7097  6.398 -0.090  0.633  0.396  0.801  1.321  1.733  1.822  1.906  2.403  9.8910E+00  1.2189E+01  1.2438E+01
 0.6474663  3.7363 -0.5574  4.7037  6.347 -0.105  0.623  0.392  0.795  1.307  1.712  1.800  1.882  2.373  9.9526E+00  1.2045E+01  1.2136E+01
 0.6524405  3.7387 -0.5383  4.6976  6.296 -0.119  0.612  0.388  0.788  1.292  1.692  1.778  1.859  2.342  1.0041E+01  1.1935E+01  1.1874E+01
 0.6575077  3.7410 -0.5188  4.6906  6.244 -0.132  0.602  0.384  0.781  1.278  1.673  1.757  1.836  2.314  1.0045E+01  1.1725E+01  1.1519E+01
 0.6624851  3.7434 -0.4995  4.6842  6.193 -0.146  0.591  0.380  0.773  1.262  1.652  1.734  1.812  2.282  1.0003E+01  1.1470E+01  1.1128E+01
 0.6675106  3.7457 -0.4799  4.6771  6.141 -0.160  0.581  0.375  0.765  1.247  1.632  1.711  1.788  2.251  1.0100E+01  1.1378E+01  1.0902E+01
 0.6725855  3.7480 -0.4599  4.6696  6.087 -0.173  0.570  0.370  0.756  1.232  1.612  1.688  1.763  2.219  1.0160E+01  1.1243E+01  1.0639E+01
 0.6776704  3.7502 -0.4395  4.6612  6.033 -0.185  0.561  0.366  0.747  1.217  1.593  1.666  1.740  2.188  1.0148E+01  1.1034E+01  1.0312E+01
 0.6827335  3.7525 -0.4192  4.6534  5.979 -0.197  0.551  0.361  0.738  1.203  1.573  1.644  1.716  2.157  1.0147E+01  1.0840E+01  1.0007E+01
 0.6878170  3.7547 -0.3985  4.6447  5.925 -0.206  0.542  0.356  0.729  1.189  1.555  1.624  1.694  2.129  1.0140E+01  1.0647E+01  9.7092E+00
 0.6928737  3.7569 -0.3778  4.6360  5.870 -0.214  0.533  0.351  0.720  1.176  1.539  1.605  1.674  2.102  1.0143E+01  1.0467E+01  9.4303E+00
 0.6979596  3.7591 -0.3567  4.6269  5.815 -0.221  0.525  0.347  0.711  1.164  1.523  1.587  1.655  2.078  1.0724E+01  1.0874E+01  9.6761E+00
 0.7035976  3.7612 -0.3347  4.6167  5.758 -0.225  0.518  0.342  0.703  1.154  1.509  1.572  1.638  2.056  1.1581E+01  1.1525E+01  1.0122E+01
 0.7095403  3.7632 -0.3122  4.6059  5.700 -0.229  0.511  0.338  0.696  1.145  1.497  1.559  1.624  2.038  1.1959E+01  1.1671E+01  1.0110E+01
 0.7155568  3.7651 -0.2893  4.5943  5.641 -0.233  0.505  0.335  0.688  1.137  1.487  1.548  1.611  2.022  1.1890E+01  1.1378E+01  9.7212E+00
 0.7214306  3.7671 -0.2665  4.5830  5.583 -0.235  0.498  0.331  0.681  1.129  1.476  1.537  1.599  2.006  1.1718E+01  1.0999E+01  9.2709E+00
 0.7272751  3.7690 -0.2435  4.5711  5.524 -0.237  0.492  0.327  0.673  1.121  1.466  1.526  1.587  1.991  1.1629E+01  1.0710E+01  8.9084E+00
 0.7330596  3.7709 -0.2204  4.5591  5.464 -0.239  0.486  0.323  0.666  1.114  1.456  1.516  1.575  1.976  1.1387E+01  1.0295E+01  8.4524E+00
 0.7386623  3.7729 -0.1977  4.5477  5.406 -0.240  0.480  0.319  0.659  1.105  1.445  1.504  1.562  1.960  1.1246E+01  9.9851E+00  8.0946E+00
 0.7443053  3.7748 -0.1743  4.5352  5.345 -0.241  0.475  0.315  0.651  1.097  1.434  1.493  1.549  1.944  1.1211E+01  9.7787E+00  7.8288E+00
 0.7498733  3.7767 -0.1509  4.5226  5.285 -0.241  0.470  0.312  0.644  1.088  1.423  1.480  1.535  1.926  1.1087E+01  9.5024E+00  7.5145E+00
 0.7553922  3.7786 -0.1273  4.5098  5.223 -0.241  0.464  0.308  0.637  1.078  1.409  1.466  1.520  1.906  1.1066E+01  9.3219E+00  7.2828E+00
 0.7609394  3.7804 -0.1030  4.4959  5.160 -0.241  0.460  0.305  0.630  1.067  1.396  1.451  1.504  1.886  1.1041E+01  9.1425E+00  7.0572E+00
 0.7664328  3.7822 -0.0785  4.4817  5.095 -0.240  0.455  0.302  0.623  1.056  1.381  1.436  1.487  1.864  1.1019E+01  8.9709E+00  6.8428E+00
 0.7719582  3.7839 -0.0534  4.4665  5.029 -0.238  0.451  0.299  0.617  1.045  1.366  1.420  1.469  1.843  1.0898E+01  8.7250E+00  6.5774E+00
 0.7773305  3.7857 -0.0282  4.4515  4.963 -0.237  0.446  0.295  0.610  1.032  1.349  1.402  1.451  1.819  1.0683E+01  8.4139E+00  6.2704E+00
 0.7826407  3.7874 -0.0027  4.4358  4.895 -0.234  0.442  0.292  0.604  1.020  1.333  1.385  1.432  1.795  1.0578E+01  8.1992E+00  6.0421E+00
 0.7879085  3.7890  0.0233  4.4191  4.827 -0.232  0.439  0.289  0.598  1.008  1.317  1.368  1.414  1.773  1.0358E+01  7.9036E+00  5.7606E+00
 0.7929984  3.7907  0.0492  4.4028  4.758 -0.230  0.435  0.286  0.591  0.995  1.300  1.350  1.395  1.748  1.0186E+01  7.6546E+00  5.5196E+00
 0.7980942  3.7923  0.0758  4.3854  4.688 -0.227  0.431  0.284  0.585  0.982  1.284  1.333  1.376  1.725  1.0338E+01  7.6522E+00  5.4594E+00
 0.8033364  3.7940  0.1014  4.3694  4.620 -0.224  0.427  0.280  0.579  0.969  1.267  1.315  1.357  1.700  1.0504E+01  7.6570E+00  5.4045E+00
 0.8085981  3.7957  0.1267  4.3538  4.553 -0.222  0.422  0.277  0.572  0.957  1.250  1.297  1.338  1.676  1.0454E+01  7.5053E+00  5.2409E+00
 0.8137907  3.7974  0.1524  4.3376  4.486 -0.220  0.418  0.274  0.566  0.945  1.234  1.280  1.319  1.652  1.0357E+01  7.3242E+00  5.0606E+00
 0.8189550  3.7990  0.1788  4.3204  4.417 -0.218  0.414  0.271  0.560  0.933  1.218  1.263  1.301  1.628  1.0261E+01  7.1495E+00  4.8887E+00
 0.8240517  3.8006  0.2056  4.3027  4.346 -0.215  0.410  0.268  0.553  0.921  1.202  1.246  1.283  1.605  1.0033E+01  6.8896E+00  4.6632E+00
 0.8289876  3.8022  0.2322  4.2851  4.277 -0.213  0.406  0.265  0.547  0.909  1.186  1.229  1.264  1.581  9.9001E+00  6.7030E+00  4.4920E+00
 0.8339518  3.8037  0.2597  4.2662  4.205 -0.210  0.403  0.262  0.541  0.898  1.170  1.213  1.247  1.559  9.9440E+00  6.6389E+00  4.4055E+00
 0.8389316  3.8051  0.2883  4.2458  4.131 -0.208  0.399  0.259  0.535  0.887  1.156  1.197  1.231  1.538  9.8915E+00  6.5125E+00  4.2795E+00
 0.8438433  3.8063  0.3181  4.2233  4.054 -0.205  0.396  0.257  0.531  0.878  1.143  1.184  1.217  1.519  9.8190E+00  6.3764E+00  4.1498E+00
 0.8487506  3.8072  0.3504  4.1971  3.970 -0.202  0.393  0.255  0.527  0.871  1.133  1.174  1.206  1.505  9.9317E+00  6.3618E+00  4.1006E+00
 0.8537750  3.8076  0.3863  4.1654  3.879 -0.199  0.392  0.254  0.525  0.868  1.128  1.169  1.201  1.498  9.8546E+00  6.2268E+00  3.9753E+00
 0.8586052  3.8075  0.4231  4.1306  3.786 -0.196  0.392  0.254  0.525  0.868  1.128  1.169  1.201  1.499  8.9145E+00  5.5607E+00  3.5181E+00
 0.8626895  3.8067  0.4567  4.0959  3.703 -0.194  0.393  0.255  0.527  0.873  1.135  1.176  1.209  1.509  7.3192E+00  4.5152E+00  2.8345E+00
 0.8659244  3.8053  0.4860  4.0626  3.631 -0.193  0.396  0.257  0.532  0.882  1.148  1.190  1.224  1.529  5.9070E+00  3.6114E+00  2.2528E+00
 0.8685965  3.8032  0.5122  4.0293  3.568 -0.192  0.400  0.261  0.539  0.897  1.168  1.211  1.247  1.558  4.9193E+00  2.9856E+00  1.8528E+00
 0.8708437  3.8007  0.5360  3.9967  3.512 -0.192  0.405  0.266  0.549  0.915  1.192  1.237  1.274  1.594  4.1113E+00  2.4800E+00  1.5325E+00
 0.8727078  3.7977  0.5574  3.9642  3.464 -0.193  0.411  0.271  0.560  0.936  1.221  1.268  1.307  1.636  3.4643E+00  2.0791E+00  1.2802E+00
 0.8743080  3.7944  0.5771  3.9321  3.420 -0.194  0.418  0.277  0.572  0.960  1.253  1.301  1.343  1.682  2.8465E+00  1.7011E+00  1.0443E+00
 0.8755543  3.7909  0.5932  3.9026  3.387 -0.197  0.426  0.283  0.585  0.986  1.287  1.338  1.383  1.732  2.2708E+00  1.3524E+00  8.2823E-01
 0.8765788  3.7873  0.6072  3.8747  3.360 -0.201  0.433  0.290  0.598  1.013  1.322  1.376  1.423  1.784  1.8961E+00  1.1261E+00  6.8828E-01
 0.8774504  3.7836  0.6194  3.8481  3.337 -0.204  0.442  0.297  0.612  1.039  1.357  1.412  1.463  1.834  1.6420E+00  9.7285E-01  5.9364E-01
 0.8782208  3.7799  0.6304  3.8227  3.317 -0.206  0.450  0.304  0.626  1.063  1.388  1.446  1.499  1.880  1.4630E+00  8.6500E-01  5.2706E-01
 0.8789134  3.7761  0.6403  3.7980  3.298 -0.206  0.459  0.311  0.640  1.085  1.416  1.476  1.531  1.921  1.3236E+00  7.8112E-01  4.7533E-01
 0.8795444  3.7723  0.6490  3.7744  3.281 -0.206  0.469  0.318  0.655  1.102  1.440  1.500  1.558  1.956  1.2314E+00  7.2547E-01  4.4094E-01
 0.8801448  3.7685  0.6570  3.7515  3.266 -0.205  0.479  0.325  0.669  1.118  1.462  1.523  1.583  1.987  1.1531E+00  6.7826E-01  4.1178E-01
 0.8806975  3.7647  0.6643  3.7293  3.252 -0.203  0.490  0.333  0.684  1.135  1.484  1.546  1.608  2.019  1.0580E+00  6.2141E-01  3.7687E-01
 0.8812028  3.7609  0.6707  3.7079  3.241 -0.200  0.502  0.340  0.699  1.152  1.508  1.571  1.636  2.055  1.0191E+00  5.9773E-01  3.6216E-01
 0.8817166  3.7571  0.6780  3.6857  3.228 -0.193  0.515  0.348  0.714  1.173  1.536  1.602  1.669  2.097  9.8960E-01  5.7965E-01  3.5088E-01
 0.8821924  3.7533  0.6859  3.6628  3.214 -0.183  0.529  0.356  0.730  1.197  1.567  1.636  1.706  2.146  9.5700E-01  5.5983E-01  3.3857E-01
 0.8826736  3.7495  0.6960  3.6377  3.195 -0.169  0.544  0.364  0.746  1.222  1.601  1.674  1.746  2.198  9.9520E-01  5.8142E-01  3.5131E-01
 0.8831876  3.7459  0.7102  3.6094  3.165 -0.152  0.559  0.372  0.760  1.246  1.634  1.711  1.785  2.249  1.0411E+00  6.0741E-01  3.6666E-01
 0.8837147  3.7425  0.7291  3.5771  3.123 -0.135  0.574  0.379  0.772  1.269  1.664  1.745  1.821  2.296  1.0579E+00  6.1635E-01  3.7170E-01
 0.8842455  3.7394  0.7525  3.5416  3.070 -0.121  0.587  0.384  0.782  1.289  1.691  1.774  1.852  2.336  1.0672E+00  6.2089E-01  3.7406E-01
 0.8847819  3.7368  0.7806  3.5034  3.003 -0.109  0.599  0.388  0.789  1.305  1.713  1.798  1.878  2.368  1.0689E+00  6.2100E-01  3.7376E-01
 0.8853144  3.7345  0.8123  3.4627  2.927 -0.098  0.610  0.392  0.795  1.319  1.733  1.819  1.901  2.397  1.0415E+00  6.0423E-01  3.6331E-01
 0.8858234  3.7327  0.8461  3.4220  2.845 -0.088  0.619  0.394  0.799  1.331  1.748  1.835  1.918  2.419  9.8860E-01  5.7277E-01  3.4406E-01
 0.8863030  3.7310  0.8810  3.3805  2.761 -0.079  0.628  0.396  0.803  1.341  1.762  1.850  1.935  2.440  9.3660E-01  5.4195E-01  3.2526E-01
 0.8867600  3.7296  0.9170  3.3391  2.672 -0.071  0.634  0.398  0.807  1.350  1.774  1.863  1.948  2.457  8.8620E-01  5.1217E-01  3.0712E-01
 0.8871892  3.7282  0.9533  3.2974  2.584 -0.063  0.641  0.400  0.810  1.359  1.786  1.875  1.961  2.473  8.3420E-01  4.8157E-01  2.8854E-01
 0.8875942  3.7270  0.9900  3.2561  2.494 -0.056  0.647  0.402  0.813  1.366  1.796  1.886  1.973  2.488  7.8730E-01  4.5401E-01  2.7182E-01
 0.8879765  3.7259  1.0271  3.2148  2.403 -0.049  0.652  0.404  0.816  1.373  1.805  1.896  1.983  2.501  7.5310E-01  4.3384E-01  2.5956E-01
 0.8883473  3.7249  1.0644  3.1737  2.311 -0.043  0.656  0.405  0.819  1.379  1.814  1.905  1.992  2.512  7.0470E-01  4.0557E-01  2.4248E-01
 0.8886812  3.7238  1.1015  3.1324  2.220 -0.037  0.661  0.407  0.822  1.386  1.823  1.915  2.003  2.525  6.5820E-01  3.7847E-01  2.2614E-01
 0.8890055  3.7226  1.1384  3.0908  2.130 -0.030  0.666  0.409  0.825  1.394  1.833  1.926  2.014  2.539  6.3690E-01  3.6590E-01  2.1850E-01
 0.8893181  3.7214  1.1755  3.0491  2.039 -0.023  0.671  0.411  0.829  1.401  1.844  1.937  2.025  2.553  6.1550E-01  3.5332E-01  2.1086E-01
 0.8896210  3.7202  1.2124  3.0075  1.950 -0.016  0.675  0.413  0.833  1.409  1.854  1.947  2.035  2.566  5.8520E-01  3.3566E-01  2.0021E-01
 0.8899033  3.7190  1.2492  2.9661  1.860 -0.009  0.680  0.416  0.837  1.416  1.864  1.958  2.046  2.580  5.4400E-01  3.1179E-01  1.8588E-01
 0.8901650  3.7178  1.2864  2.9242  1.770 -0.003  0.685  0.418  0.842  1.424  1.875  1.969  2.057  2.593  5.0360E-01  2.8844E-01  1.7187E-01
 0.8904069  3.7166  1.3230  2.8829  1.682  0.004  0.689  0.421  0.847  1.431  1.885  1.981  2.067  2.607  4.6780E-01  2.6776E-01  1.5948E-01
 0.8906328  3.7154  1.3600  2.8412  1.593  0.010  0.693  0.424  0.852  1.439  1.896  1.992  2.078  2.620  4.3850E-01  2.5084E-01  1.4934E-01
 0.8908454  3.7142  1.3971  2.7994  1.503  0.017  0.697  0.427  0.858  1.446  1.906  2.003  2.088  2.633  4.1090E-01  2.3492E-01  1.3981E-01
 0.8910437  3.7130  1.4338  2.7580  1.415  0.023  0.701  0.430  0.864  1.454  1.917  2.014  2.099  2.646  3.8150E-01  2.1800E-01  1.2969E-01
 0.8912269  3.7116  1.4701  2.7162  1.329  0.030  0.706  0.434  0.871  1.463  1.930  2.028  2.111  2.661  3.5200E-01  2.0104E-01  1.1956E-01
 0.8913957  3.7101  1.5062  2.6742  1.243  0.038  0.711  0.438  0.878  1.473  1.943  2.042  2.124  2.678  3.2660E-01  1.8645E-01  1.1085E-01
 0.8915535  3.7087  1.5421  2.6328  1.158  0.046  0.716  0.442  0.886  1.481  1.955  2.055  2.136  2.693  3.0580E-01  1.7451E-01  1.0372E-01
 0.8917015  3.7072  1.5781  2.5908  1.073  0.054  0.722  0.447  0.893  1.491  1.968  2.069  2.148  2.709  2.8790E-01  1.6423E-01  9.7580E-02
 0.8918414  3.7058  1.6143  2.5491  0.987  0.062  0.727  0.451  0.901  1.500  1.981  2.082  2.160  2.724  2.6460E-01  1.5088E-01  8.9627E-02
 0.8919661  3.7043  1.6502  2.5073  0.902  0.071  0.732  0.455  0.908  1.509  1.993  2.095  2.173  2.739  2.4210E-01  1.3801E-01  8.1959E-02
 0.8920835  3.7027  1.6858  2.4653  0.818  0.080  0.739  0.459  0.916  1.519  2.007  2.109  2.186  2.756  2.9790E-01  1.6975E-01  1.0079E-01
 0.8922640  3.7002  1.7453  2.3959  0.676  0.096  0.749  0.465  0.927  1.533  2.027  2.131  2.207  2.781  3.4050E-01  1.9395E-01  1.1512E-01
 0.8924240  3.6975  1.8044  2.3261  0.535  0.115  0.762  0.472  0.938  1.549  2.048  2.153  2.229  2.807  3.0450E-01  1.7337E-01  1.0287E-01
 0.8925685  3.6948  1.8633  2.2565  0.394  0.136  0.776  0.477  0.947  1.563  2.068  2.173  2.250  2.831  2.9810E-01  1.6966E-01  1.0064E-01
 0.8927221  3.6922  1.9223  2.1871  0.252  0.159  0.790  0.483  0.956  1.576  2.086  2.192  2.270  2.854  2.8970E-01  1.6481E-01  9.7743E-02
 0.8928582  3.6892  1.9801  2.1174  0.113  0.187  0.808  0.489  0.965  1.591  2.106  2.214  2.293  2.879  3.8450E-01  2.1865E-01  1.2963E-01
 0.8931066  3.6874  2.0232  2.0672  0.009  0.206  0.820  0.492  0.971  1.600  2.118  2.227  2.307  2.895  3.7190E-01  2.1138E-01  1.2528E-01
 0.8932301  3.6843  2.0803  1.9978 -0.127  0.238  0.840  0.498  0.981  1.616  2.139  2.250  2.332  2.921  2.1380E-01  1.2147E-01  7.1972E-02
 0.8933204  3.6812  2.1371  1.9286 -0.262  0.272  0.860  0.505  0.991  1.633  2.161  2.273  2.358  2.949  1.6610E-01  9.4346E-02  5.5891E-02
 0.8933962  3.6779  2.1928  1.8598 -0.392  0.308  0.882  0.512  1.003  1.652  2.187  2.301  2.388  2.981  1.4330E-01  8.1379E-02  4.8202E-02
 0.8934637  3.6746  2.2486  1.7908 -0.520  0.344  0.904  0.520  1.017  1.675  2.216  2.331  2.420  3.016  1.2850E-01  7.2961E-02  4.3211E-02
 0.8935247  3.6712  2.3039  1.7219 -0.645  0.384  0.926  0.528  1.031  1.699  2.249  2.365  2.455  3.054  1.1620E-01  6.5967E-02  3.9064E-02
 0.8935799  3.6678  2.3589  1.6534 -0.767  0.427  0.950  0.537  1.047  1.726  2.283  2.401  2.493  3.095  1.0500E-01  5.9600E-02  3.5290E-02
 0.8936297  3.6643  2.4135  1.5848 -0.887  0.473  0.975  0.546  1.063  1.756  2.322  2.440  2.535  3.138  9.5000E-02  5.3917E-02  3.1922E-02
 0.8936749  3.6608  2.4680  1.5163 -1.004  0.520  1.001  0.556  1.081  1.787  2.362  2.481  2.578  3.184  8.6400E-02  4.9030E-02  2.9026E-02
 0.8937161  3.6573  2.5225  1.4478 -1.120  0.567  1.027  0.567  1.101  1.820  2.404  2.524  2.623  3.233  7.8800E-02  4.4712E-02  2.6468E-02
 0.8937537  3.6537  2.5763  1.3796 -1.232  0.615  1.055  0.580  1.123  1.855  2.448  2.570  2.671  3.284  7.0900E-02  4.0226E-02  2.3811E-02
 0.8937870  3.6500  2.6298  1.3114 -1.341  0.664  1.084  0.595  1.149  1.891  2.494  2.619  2.722  3.340  6.3200E-02  3.5854E-02  2.1221E-02
 0.8938169  3.6463  2.6828  1.2436 -1.446  0.714  1.114  0.613  1.179  1.930  2.542  2.670  2.776  3.399  5.7600E-02  3.2674E-02  1.9338E-02
 0.8938446  3.6425  2.7354  1.1758 -1.546  0.766  1.145  0.634  1.213  1.971  2.592  2.726  2.833  3.463  5.2100E-02  2.9552E-02  1.7490E-02
 0.8938690  3.6387  2.7879  1.1081 -1.643  0.820  1.177  0.655  1.250  2.014  2.645  2.784  2.893  3.530  4.7900E-02  2.7168E-02  1.6078E-02
 0.8938925  3.6349  2.8403  1.0405 -1.738  0.874  1.209  0.678  1.289  2.059  2.700  2.844  2.955  3.600  4.4000E-02  2.4955E-02  1.4767E-02
 0.8939130  3.6310  2.8921  0.9731 -1.829  0.929  1.242  0.699  1.328  2.107  2.759  2.907  3.021  3.673  3.9600E-02  2.2458E-02  1.3289E-02
 0.8939321  3.6271  2.9436  0.9060 -1.918  0.984  1.275  0.719  1.364  2.158  2.821  2.973  3.089  3.748  3.7900E-02  2.1493E-02  1.2718E-02
 0.8939509  3.6232  2.9951  0.8389 -2.005  1.039  1.307  0.737  1.398  2.211  2.886  3.040  3.158  3.824  3.3900E-02  1.9223E-02  1.1375E-02
 0.8939660  3.6192  3.0466  0.7714 -2.090  1.096  1.340  0.754  1.432  2.268  2.955  3.111  3.232  3.904  3.0300E-02  1.7181E-02  1.0166E-02
 0.8939812  3.6153  3.0980  0.7045 -2.173  1.152  1.372  0.770  1.466  2.326  3.025  3.184  3.307  3.985  3.0300E-02  1.7181E-02  1.0165E-02
 0.8939963  3.6114  3.1495  0.6374 -2.253  1.208  1.405  0.787  1.501  2.388  3.099  3.260  3.385  4.071  3.6900E-02  2.0922E-02  1.2379E-02
 0.8940181  3.6075  3.2013  0.5700 -2.330  1.265  1.439  0.805  1.539  2.453  3.176  3.340  3.468  4.162  4.5700E-02  2.5910E-02  1.5329E-02
 0.8940420  3.6036  3.2531  0.5026 -2.402  1.320  1.474  0.827  1.582  2.522  3.259  3.426  3.557  4.259  4.7800E-02  2.7099E-02  1.6032E-02
 0.8940659  3.5997  3.3050  0.4351 -2.469  1.375  1.511  0.852  1.634  2.597  3.346  3.517  3.651  4.364  2.3900E-02  1.3549E-02  8.0154E-03
 