#Z=0.001000 Y=0.232000 OS=0.20 l/Hp=1.743201 [Fe/H]=-1.505247 [Alpha/Fe]= 0.30   
#age(Gyr)= 9.000 140 points
#  M/Msun     logT  logL/Ls   logg    Mv     U-B    B-V    V-R    V-I    V-J    V-H    V-K    V-L    V-M     #(x=-1)    #(x=1.35)    #(x=3)
 0.4000000  3.5628 -1.6094  4.8526 10.091  1.014  1.504  1.041  2.008  2.892  3.507  3.728  3.889  4.753  1.9925E+01  7.2650E+01  1.5881E+02
 0.4199251  3.5789 -1.5180  4.8467  9.622  0.973  1.410  0.928  1.786  2.638  3.214  3.423  3.597  4.410  3.9894E+01  1.3365E+02  2.7541E+02
 0.4398937  3.5950 -1.4262  4.8395  9.201  0.908  1.311  0.851  1.648  2.385  2.924  3.126  3.317  4.080  3.9702E+01  1.1929E+02  2.2771E+02
 0.4596269  3.6111 -1.3351  4.8318  8.827  0.824  1.227  0.766  1.493  2.217  2.731  2.921  3.104  3.823  3.9514E+01  1.0704E+02  1.9000E+02
 0.4794081  3.6271 -1.2434  4.8224  8.483  0.727  1.152  0.675  1.326  2.097  2.602  2.773  2.930  3.608  3.9545E+01  9.7029E+01  1.6065E+02
 0.4991715  3.6431 -1.1513  4.8119  8.169  0.657  1.091  0.616  1.206  1.995  2.507  2.663  2.810  3.469  4.3075E+01  9.5720E+01  1.4784E+02
 0.5224826  3.6587 -1.0593  4.8021  7.853  0.576  1.025  0.559  1.092  1.880  2.395  2.538  2.673  3.312  4.6514E+01  9.3254E+01  1.3400E+02
 0.5456855  3.6742 -0.9672  4.7909  7.523  0.460  0.943  0.498  0.974  1.728  2.227  2.359  2.476  3.084  4.6152E+01  8.3555E+01  1.1175E+02
 0.5686350  3.6897 -0.8747  4.7783  7.221  0.301  0.860  0.460  0.908  1.590  2.062  2.182  2.288  2.861  4.5586E+01  7.4913E+01  9.3607E+01
 0.5912711  3.7051 -0.7817  4.7638  6.948  0.138  0.777  0.434  0.866  1.484  1.936  2.045  2.143  2.689  2.6686E+01  4.0732E+01  4.8309E+01
 0.5953213  3.7079 -0.7650  4.7613  6.903  0.111  0.762  0.431  0.860  1.469  1.919  2.026  2.123  2.666  8.1018E+00  1.1944E+01  1.3822E+01
 0.5993729  3.7107 -0.7481  4.7585  6.858  0.084  0.747  0.428  0.855  1.455  1.903  2.008  2.104  2.644  9.0394E+00  1.3103E+01  1.4986E+01
 0.6043607  3.7133 -0.7301  4.7545  6.810  0.060  0.734  0.424  0.849  1.442  1.889  1.992  2.086  2.624  1.0058E+01  1.4311E+01  1.6155E+01
 0.6094311  3.7159 -0.7120  4.7504  6.762  0.038  0.720  0.421  0.844  1.429  1.873  1.975  2.068  2.603  1.0189E+01  1.4216E+01  1.5828E+01
 0.6145501  3.7184 -0.6937  4.7458  6.713  0.017  0.708  0.418  0.839  1.416  1.858  1.957  2.049  2.581  1.0273E+01  1.4054E+01  1.5434E+01
 0.6197042  3.7209 -0.6752  4.7409  6.664 -0.002  0.695  0.415  0.833  1.402  1.840  1.938  2.029  2.556  1.0263E+01  1.3769E+01  1.4914E+01
 0.6248134  3.7234 -0.6567  4.7360  6.614 -0.021  0.683  0.411  0.827  1.387  1.821  1.918  2.007  2.529  1.0168E+01  1.3381E+01  1.4299E+01
 0.6298725  3.7259 -0.6383  4.7311  6.564 -0.038  0.671  0.408  0.821  1.371  1.801  1.896  1.984  2.501  1.0122E+01  1.3070E+01  1.3781E+01
 0.6349358  3.7285 -0.6199  4.7266  6.515 -0.056  0.659  0.404  0.815  1.355  1.780  1.873  1.959  2.470  1.0166E+01  1.2881E+01  1.3403E+01
 0.6400384  3.7310 -0.6011  4.7212  6.464 -0.072  0.647  0.400  0.808  1.340  1.758  1.850  1.935  2.440  1.0232E+01  1.2723E+01  1.3065E+01
 0.6451675  3.7334 -0.5821  4.7153  6.413 -0.087  0.636  0.397  0.802  1.324  1.737  1.827  1.911  2.409  1.0214E+01  1.2465E+01  1.2634E+01
 0.6502521  3.7359 -0.5633  4.7099  6.363 -0.102  0.624  0.393  0.796  1.309  1.716  1.804  1.886  2.378  1.0160E+01  1.2173E+01  1.2179E+01
 0.6553278  3.7384 -0.5442  4.7042  6.311 -0.117  0.613  0.389  0.789  1.294  1.694  1.780  1.862  2.346  1.0140E+01  1.1928E+01  1.1782E+01
 0.6603919  3.7409 -0.5252  4.6985  6.260 -0.131  0.602  0.384  0.781  1.278  1.673  1.757  1.837  2.315  1.0179E+01  1.1760E+01  1.1468E+01
 0.6655071  3.7433 -0.5058  4.6921  6.209 -0.145  0.591  0.380  0.773  1.263  1.653  1.735  1.813  2.284  1.0187E+01  1.1559E+01  1.1130E+01
 0.6705794  3.7458 -0.4864  4.6860  6.157 -0.160  0.580  0.375  0.764  1.246  1.631  1.710  1.787  2.249  1.0176E+01  1.1340E+01  1.0783E+01
 0.6756827  3.7482 -0.4669  4.6794  6.104 -0.174  0.570  0.370  0.755  1.230  1.610  1.686  1.761  2.216  1.0281E+01  1.1255E+01  1.0569E+01
 0.6808606  3.7505 -0.4468  4.6718  6.051 -0.187  0.560  0.365  0.746  1.215  1.590  1.663  1.737  2.184  1.0311E+01  1.1088E+01  1.0283E+01
 0.6859939  3.7529 -0.4268  4.6646  5.998 -0.199  0.550  0.360  0.736  1.200  1.570  1.640  1.712  2.152  1.0350E+01  1.0934E+01  1.0014E+01
 0.6912104  3.7552 -0.4064  4.6567  5.944 -0.208  0.540  0.355  0.727  1.186  1.551  1.619  1.689  2.123  1.0451E+01  1.0846E+01  9.8110E+00
 0.6964448  3.7575 -0.3856  4.6484  5.889 -0.216  0.531  0.350  0.717  1.173  1.534  1.600  1.668  2.095  1.0763E+01  1.0972E+01  9.7999E+00
 0.7019735  3.7597 -0.3644  4.6394  5.834 -0.222  0.523  0.345  0.709  1.161  1.519  1.583  1.650  2.071  1.1893E+01  1.1895E+01  1.0483E+01
 0.7083374  3.7617 -0.3416  4.6286  5.775 -0.227  0.516  0.341  0.701  1.151  1.506  1.569  1.634  2.052  1.2596E+01  1.2344E+01  1.0724E+01
 0.7145694  3.7637 -0.3190  4.6178  5.717 -0.230  0.510  0.337  0.694  1.143  1.494  1.556  1.621  2.034  1.2407E+01  1.1910E+01  1.0199E+01
 0.7207449  3.7658 -0.2963  4.6072  5.658 -0.234  0.503  0.333  0.686  1.134  1.483  1.544  1.607  2.017  1.2328E+01  1.1596E+01  9.7900E+00
 0.7268969  3.7678 -0.2734  4.5960  5.599 -0.236  0.496  0.329  0.678  1.126  1.472  1.533  1.594  2.001  1.2273E+01  1.1317E+01  9.4207E+00
 0.7330175  3.7697 -0.2503  4.5841  5.540 -0.238  0.490  0.325  0.671  1.118  1.462  1.522  1.582  1.986  1.2202E+01  1.1032E+01  9.0579E+00
 0.7390993  3.7717 -0.2271  4.5725  5.480 -0.240  0.484  0.322  0.663  1.110  1.452  1.511  1.570  1.970  1.2073E+01  1.0706E+01  8.6712E+00
 0.7450906  3.7737 -0.2038  4.5607  5.420 -0.241  0.478  0.318  0.656  1.102  1.441  1.499  1.557  1.953  1.2014E+01  1.0453E+01  8.3533E+00
 0.7511135  3.7756 -0.1801  4.5481  5.359 -0.242  0.473  0.314  0.649  1.093  1.430  1.488  1.543  1.936  1.1848E+01  1.0116E+01  7.9790E+00
 0.7569385  3.7776 -0.1568  4.5362  5.299 -0.242  0.467  0.310  0.641  1.083  1.417  1.474  1.528  1.917  1.1686E+01  9.7965E+00  7.6278E+00
 0.7627990  3.7795 -0.1331  4.5234  5.237 -0.242  0.462  0.307  0.634  1.073  1.403  1.459  1.512  1.896  1.1581E+01  9.5359E+00  7.3317E+00
 0.7685197  3.7814 -0.1094  4.5106  5.174 -0.241  0.457  0.303  0.627  1.061  1.388  1.443  1.494  1.874  1.1381E+01  9.2073E+00  6.9920E+00
 0.7741799  3.7834 -0.0856  4.4980  5.111 -0.240  0.453  0.300  0.619  1.048  1.371  1.425  1.475  1.850  1.1351E+01  9.0253E+00  6.7710E+00
 0.7798705  3.7852 -0.0611  4.4838  5.046 -0.238  0.448  0.296  0.612  1.036  1.354  1.407  1.456  1.826  1.1310E+01  8.8404E+00  6.5530E+00
 0.7854903  3.7871 -0.0365  4.4700  4.981 -0.236  0.444  0.293  0.605  1.022  1.336  1.388  1.436  1.800  1.1373E+01  8.7395E+00  6.4011E+00
 0.7912437  3.7888 -0.0108  4.4542  4.913 -0.234  0.440  0.290  0.599  1.009  1.320  1.371  1.417  1.776  1.1294E+01  8.5335E+00  6.1766E+00
 0.7967847  3.7906  0.0146  4.4391  4.845 -0.232  0.435  0.287  0.592  0.996  1.302  1.352  1.396  1.750  1.1345E+01  8.4290E+00  6.0296E+00
 0.8025882  3.7923  0.0403  4.4233  4.777 -0.229  0.431  0.284  0.586  0.983  1.285  1.334  1.377  1.725  1.1588E+01  8.4664E+00  5.9852E+00
 0.8083732  3.7942  0.0646  4.4097  4.712 -0.227  0.427  0.280  0.579  0.968  1.266  1.314  1.355  1.698  1.1355E+01  8.1584E+00  5.7001E+00
 0.8139436  3.7961  0.0887  4.3962  4.648 -0.224  0.422  0.277  0.571  0.955  1.247  1.294  1.334  1.671  1.1159E+01  7.8880E+00  5.4484E+00
 0.8195327  3.7979  0.1134  4.3817  4.583 -0.222  0.418  0.273  0.565  0.942  1.230  1.276  1.314  1.646  1.1118E+01  7.7334E+00  5.2818E+00
 0.8250611  3.7997  0.1383  4.3669  4.518 -0.220  0.413  0.270  0.558  0.929  1.212  1.257  1.294  1.620  1.0934E+01  7.4871E+00  5.0573E+00
 0.8304670  3.8015  0.1634  4.3518  4.452 -0.218  0.409  0.267  0.551  0.915  1.194  1.238  1.274  1.593  1.0762E+01  7.2562E+00  4.8487E+00
 0.8358227  3.8033  0.1889  4.3363  4.385 -0.216  0.405  0.263  0.544  0.902  1.176  1.219  1.253  1.567  1.0653E+01  7.0752E+00  4.6778E+00
 0.8411198  3.8050  0.2148  4.3200  4.317 -0.214  0.400  0.260  0.537  0.890  1.159  1.200  1.234  1.542  1.0484E+01  6.8606E+00  4.4891E+00
 0.8463066  3.8067  0.2410  4.3033  4.248 -0.211  0.396  0.257  0.530  0.877  1.141  1.182  1.214  1.516  1.0291E+01  6.6375E+00  4.2992E+00
 0.8514105  3.8084  0.2675  4.2862  4.178 -0.208  0.392  0.253  0.524  0.864  1.124  1.164  1.195  1.491  1.0238E+01  6.5101E+00  4.1748E+00
 0.8565443  3.8100  0.2948  4.2679  4.107 -0.205  0.388  0.250  0.518  0.853  1.107  1.147  1.177  1.467  1.0312E+01  6.4655E+00  4.1053E+00
 0.8617228  3.8115  0.3230  4.2483  4.033 -0.202  0.385  0.247  0.512  0.842  1.092  1.130  1.160  1.445  1.0355E+01  6.4012E+00  4.0243E+00
 0.8668993  3.8128  0.3528  4.2263  3.956 -0.199  0.382  0.245  0.507  0.832  1.078  1.116  1.145  1.426  1.0238E+01  6.2408E+00  3.8851E+00
 0.8719607  3.8139  0.3842  4.2018  3.875 -0.195  0.379  0.243  0.503  0.824  1.066  1.104  1.132  1.410  1.0182E+01  6.1215E+00  3.7740E+00
 0.8770809  3.8146  0.4187  4.1727  3.786 -0.191  0.377  0.241  0.500  0.818  1.058  1.096  1.124  1.399  1.0360E+01  6.1431E+00  3.7508E+00
 0.8823202  3.8147  0.4562  4.1381  3.691 -0.188  0.376  0.241  0.499  0.816  1.056  1.094  1.122  1.396  9.7939E+00  5.7300E+00  3.4657E+00
 0.8868748  3.8141  0.4916  4.1026  3.602 -0.186  0.377  0.241  0.501  0.820  1.060  1.099  1.127  1.403  8.2565E+00  4.7729E+00  2.8626E+00
 0.8905767  3.8128  0.5229  4.0679  3.525 -0.185  0.379  0.243  0.504  0.828  1.072  1.111  1.140  1.420  6.6006E+00  3.7784E+00  2.2505E+00
 0.8934754  3.8108  0.5498  4.0344  3.460 -0.184  0.383  0.247  0.511  0.842  1.091  1.131  1.162  1.447  5.3282E+00  3.0261E+00  1.7926E+00
 0.8959049  3.8084  0.5741  4.0017  3.403 -0.185  0.388  0.251  0.519  0.859  1.114  1.155  1.188  1.481  4.4596E+00  2.5166E+00  1.4840E+00
 0.8979350  3.8054  0.5959  3.9689  3.353 -0.185  0.394  0.256  0.530  0.880  1.143  1.186  1.221  1.524  3.7474E+00  2.1034E+00  1.2357E+00
 0.8996523  3.8021  0.6158  3.9366  3.308 -0.186  0.401  0.263  0.542  0.903  1.176  1.221  1.257  1.571  3.1887E+00  1.7817E+00  1.0433E+00
 0.9011237  3.7986  0.6327  3.9064  3.272 -0.187  0.408  0.269  0.555  0.928  1.210  1.257  1.296  1.621  2.6975E+00  1.5014E+00  8.7687E-01
 0.9023498  3.7949  0.6470  3.8779  3.243 -0.189  0.416  0.276  0.569  0.955  1.246  1.295  1.336  1.673  2.2144E+00  1.2286E+00  7.1592E-01
 0.9033381  3.7911  0.6590  3.8512  3.221 -0.193  0.424  0.283  0.583  0.983  1.284  1.334  1.379  1.728  1.8621E+00  1.0304E+00  5.9931E-01
 0.9042119  3.7874  0.6698  3.8260  3.202 -0.197  0.432  0.290  0.597  1.011  1.320  1.373  1.421  1.781  1.6782E+00  9.2650E-01  5.3801E-01
 0.9050163  3.7835  0.6797  3.8009  3.186 -0.201  0.441  0.297  0.612  1.040  1.357  1.412  1.463  1.834  1.5082E+00  8.3093E-01  4.8181E-01
 0.9057201  3.7797  0.6882  3.7775  3.172 -0.203  0.450  0.304  0.626  1.064  1.389  1.447  1.500  1.882  1.3667E+00  7.5157E-01  4.3522E-01
 0.9063830  3.7758  0.6957  3.7547  3.159 -0.203  0.459  0.311  0.641  1.086  1.418  1.477  1.533  1.923  1.2790E+00  7.0213E-01  4.0611E-01
 0.9069991  3.7719  0.7022  3.7329  3.148 -0.204  0.470  0.319  0.656  1.104  1.442  1.502  1.561  1.958  1.1683E+00  6.4035E-01  3.6996E-01
 0.9075513  3.7680  0.7075  3.7123  3.140 -0.203  0.480  0.326  0.671  1.120  1.464  1.526  1.586  1.991  1.1039E+00  6.0416E-01  3.4869E-01
 0.9081030  3.7641  0.7126  3.6919  3.131 -0.201  0.491  0.334  0.686  1.137  1.487  1.549  1.612  2.024  1.0665E+00  5.8287E-01  3.3607E-01
 0.9086178  3.7602  0.7176  3.6715  3.124 -0.197  0.504  0.341  0.702  1.156  1.512  1.576  1.641  2.062  1.0036E+00  5.4776E-01  3.1553E-01
 0.9091066  3.7562  0.7233  3.6500  3.115 -0.190  0.518  0.350  0.718  1.178  1.543  1.609  1.677  2.108  9.9810E-01  5.4405E-01  3.1311E-01
 0.9096159  3.7524  0.7309  3.6275  3.102 -0.179  0.532  0.358  0.734  1.202  1.575  1.645  1.715  2.158  1.0461E+00  5.6947E-01  3.2743E-01
 0.9101527  3.7486  0.7419  3.6015  3.081 -0.163  0.548  0.366  0.749  1.228  1.609  1.683  1.755  2.211  1.0917E+00  5.9347E-01  3.4090E-01
 0.9107076  3.7450  0.7573  3.5720  3.049 -0.146  0.563  0.374  0.763  1.252  1.642  1.720  1.794  2.261  1.1424E+00  6.2014E-01  3.5586E-01
 0.9112951  3.7416  0.7781  3.5379  3.002 -0.130  0.577  0.380  0.775  1.275  1.672  1.753  1.830  2.308  1.1942E+00  6.4728E-01  3.7104E-01
 0.9119018  3.7387  0.8042  3.5005  2.942 -0.117  0.590  0.385  0.784  1.293  1.697  1.780  1.859  2.344  1.2082E+00  6.5385E-01  3.7441E-01
 0.9125033  3.7362  0.8346  3.4604  2.869 -0.106  0.602  0.389  0.791  1.309  1.718  1.803  1.884  2.376  1.1841E+00  6.3982E-01  3.6598E-01
 0.9130859  3.7341  0.8676  3.4192  2.790 -0.095  0.612  0.392  0.796  1.322  1.736  1.822  1.904  2.402  1.1358E+00  6.1281E-01  3.5016E-01
 0.9136391  3.7322  0.9023  3.3772  2.705 -0.085  0.621  0.395  0.801  1.334  1.752  1.840  1.923  2.425  1.0810E+00  5.8241E-01  3.3245E-01
 0.9141669  3.7307  0.9385  3.3352  2.617 -0.076  0.629  0.397  0.804  1.343  1.765  1.853  1.937  2.443  1.0228E+00  5.5031E-01  3.1383E-01
 0.9146619  3.7293  0.9749  3.2935  2.528 -0.068  0.635  0.399  0.808  1.352  1.777  1.866  1.951  2.460  9.6560E-01  5.1887E-01  2.9564E-01
 0.9151325  3.7280  1.0122  3.2512  2.437 -0.061  0.641  0.401  0.811  1.360  1.788  1.877  1.963  2.476  9.1170E-01  4.8932E-01  2.7856E-01
 0.9155736  3.7269  1.0497  3.2095  2.344 -0.054  0.646  0.402  0.813  1.367  1.797  1.887  1.974  2.489  8.6330E-01  4.6281E-01  2.6326E-01
 0.9159958  3.7257  1.0874  3.1672  2.252 -0.047  0.652  0.404  0.817  1.375  1.807  1.898  1.985  2.503  8.0910E-01  4.3329E-01  2.4629E-01
 0.9163827  3.7245  1.1249  3.1251  2.160 -0.040  0.657  0.406  0.820  1.382  1.817  1.909  1.996  2.517  7.7110E-01  4.1252E-01  2.3431E-01
 0.9167669  3.7233  1.1624  3.0830  2.069 -0.033  0.662  0.408  0.823  1.389  1.827  1.919  2.007  2.531  7.4580E-01  3.9860E-01  2.2625E-01
 0.9171285  3.7221  1.1997  3.0411  1.977 -0.026  0.667  0.410  0.827  1.397  1.838  1.930  2.018  2.545  7.1980E-01  3.8434E-01  2.1801E-01
 0.9174867  3.7209  1.2371  2.9990  1.886 -0.019  0.672  0.412  0.831  1.404  1.848  1.941  2.029  2.558  6.8090E-01  3.6325E-01  2.0592E-01
 0.9178094  3.7197  1.2747  2.9568  1.795 -0.012  0.677  0.414  0.835  1.412  1.858  1.952  2.040  2.572  6.2320E-01  3.3219E-01  1.8820E-01
 0.9181099  3.7184  1.3123  2.9141  1.704 -0.005  0.682  0.417  0.840  1.420  1.869  1.964  2.051  2.587  5.8190E-01  3.0993E-01  1.7550E-01
 0.9183913  3.7171  1.3495  2.8719  1.614  0.002  0.687  0.420  0.845  1.428  1.881  1.976  2.063  2.601  5.4900E-01  2.9220E-01  1.6537E-01
 0.9186589  3.7160  1.3872  2.8299  1.523  0.008  0.691  0.423  0.850  1.435  1.890  1.986  2.072  2.613  5.1420E-01  2.7349E-01  1.5471E-01
 0.9189055  3.7148  1.4247  2.7877  1.432  0.015  0.695  0.426  0.855  1.443  1.901  1.997  2.083  2.626  4.7100E-01  2.5036E-01  1.4156E-01
 0.9191299  3.7133  1.4615  2.7450  1.345  0.022  0.700  0.430  0.862  1.452  1.914  2.012  2.096  2.643  4.3760E-01  2.3247E-01  1.3139E-01
 0.9193431  3.7119  1.4984  2.7026  1.257  0.030  0.705  0.433  0.869  1.461  1.927  2.025  2.108  2.658  4.1180E-01  2.1864E-01  1.2353E-01
 0.9195417  3.7105  1.5351  2.6604  1.170  0.037  0.710  0.437  0.876  1.470  1.939  2.038  2.120  2.673  3.8200E-01  2.0272E-01  1.1449E-01
 0.9197251  3.7089  1.5715  2.6177  1.084  0.046  0.716  0.442  0.885  1.480  1.954  2.053  2.134  2.691  3.5450E-01  1.8804E-01  1.0617E-01
 0.9198962  3.7075  1.6084  2.5753  0.996  0.054  0.721  0.446  0.892  1.489  1.966  2.066  2.146  2.706  3.2880E-01  1.7433E-01  9.8396E-02
 0.9200539  3.7061  1.6450  2.5331  0.909  0.062  0.726  0.450  0.899  1.498  1.978  2.079  2.158  2.721  3.9660E-01  2.1018E-01  1.1859E-01
 0.9202928  3.7035  1.7055  2.4623  0.766  0.076  0.736  0.457  0.912  1.514  2.000  2.102  2.179  2.748  4.5260E-01  2.3973E-01  1.3521E-01
 0.9205065  3.7008  1.7657  2.3915  0.624  0.093  0.747  0.464  0.925  1.530  2.022  2.126  2.202  2.775  4.0060E-01  2.1207E-01  1.1957E-01
 0.9206934  3.6981  1.8258  2.3206  0.480  0.112  0.759  0.470  0.935  1.545  2.044  2.148  2.224  2.801  3.6820E-01  1.9482E-01  1.0980E-01
 0.9208747  3.6954  1.8855  2.2502  0.337  0.133  0.773  0.476  0.945  1.560  2.063  2.169  2.245  2.826  3.5610E-01  1.8833E-01  1.0611E-01
 0.9210495  3.6925  1.9449  2.1793  0.195  0.157  0.789  0.482  0.955  1.575  2.084  2.190  2.268  2.851  3.3410E-01  1.7662E-01  9.9482E-02
 0.9212088  3.6895  2.0037  2.1086  0.054  0.185  0.807  0.488  0.964  1.590  2.104  2.212  2.291  2.877  4.5730E-01  2.4162E-01  1.3605E-01
 0.9215068  3.6873  2.0537  2.0499 -0.067  0.208  0.821  0.492  0.971  1.601  2.119  2.228  2.308  2.895  4.6190E-01  2.4391E-01  1.3728E-01
 0.9216707  3.6842  2.1116  1.9797 -0.205  0.240  0.841  0.499  0.981  1.617  2.140  2.250  2.333  2.922  2.6490E-01  1.3982E-01  7.8669E-02
 0.9217717  3.6810  2.1691  1.9094 -0.341  0.275  0.862  0.505  0.992  1.634  2.163  2.275  2.360  2.951  1.8830E-01  9.9359E-02  5.5893E-02
 0.9218590  3.6776  2.2259  1.8391 -0.473  0.312  0.885  0.513  1.005  1.655  2.190  2.303  2.391  2.984  1.6750E-01  8.8364E-02  4.9700E-02
 0.9219392  3.6743  2.2824  1.7694 -0.603  0.349  0.906  0.521  1.018  1.677  2.219  2.334  2.423  3.019  1.5110E-01  7.9696E-02  4.4818E-02
 0.9220101  3.6708  2.3382  1.6997 -0.729  0.391  0.930  0.529  1.034  1.703  2.253  2.369  2.460  3.059  1.3540E-01  7.1402E-02  4.0149E-02
 0.9220746  3.6673  2.3940  1.6299 -0.853  0.435  0.955  0.538  1.049  1.731  2.289  2.406  2.499  3.101  1.2340E-01  6.5063E-02  3.6580E-02
 0.9221335  3.6638  2.4498  1.5601 -0.975  0.481  0.980  0.548  1.066  1.761  2.328  2.446  2.541  3.145  1.1170E-01  5.8885E-02  3.3104E-02
 0.9221863  3.6602  2.5050  1.4905 -1.093  0.530  1.007  0.558  1.085  1.793  2.369  2.489  2.586  3.193  1.0050E-01  5.2974E-02  2.9777E-02
 0.9222340  3.6565  2.5598  1.4210 -1.209  0.580  1.035  0.570  1.106  1.828  2.414  2.535  2.634  3.244  9.1100E-02  4.8013E-02  2.6987E-02
 0.9222774  3.6529  2.6146  1.3518 -1.323  0.628  1.063  0.584  1.129  1.863  2.458  2.581  2.682  3.296  8.2200E-02  4.3318E-02  2.4346E-02
 0.9223162  3.6492  2.6688  1.2828 -1.433  0.677  1.092  0.599  1.156  1.900  2.505  2.630  2.734  3.352  7.4100E-02  3.9045E-02  2.1943E-02
 0.9223515  3.6453  2.7223  1.2137 -1.536  0.730  1.124  0.619  1.188  1.941  2.555  2.685  2.791  3.416  6.6800E-02  3.5196E-02  1.9778E-02
 0.9223830  3.6415  2.7758  1.1450 -1.638  0.783  1.155  0.640  1.224  1.983  2.607  2.741  2.849  3.481  6.0800E-02  3.2032E-02  1.7999E-02
 0.9224123  3.6376  2.8289  1.0763 -1.735  0.838  1.188  0.662  1.262  2.027  2.661  2.801  2.911  3.550  5.6000E-02  2.9501E-02  1.6576E-02
 0.9224390  3.6336  2.8815  1.0078 -1.828  0.895  1.222  0.686  1.303  2.076  2.720  2.865  2.977  3.624  5.0900E-02  2.6812E-02  1.5065E-02
 0.9224632  3.6297  2.9340  0.9397 -1.920  0.950  1.255  0.707  1.341  2.125  2.780  2.930  3.044  3.698  4.6600E-02  2.4546E-02  1.3791E-02
 0.9224856  3.6257  2.9864  0.8713 -2.009  1.007  1.288  0.726  1.377  2.178  2.845  2.998  3.114  3.775  4.3500E-02  2.2911E-02  1.2872E-02
 0.9225067  3.6217  3.0387  0.8030 -2.097  1.064  1.321  0.744  1.412  2.233  2.912  3.067  3.187  3.854  3.9600E-02  2.0856E-02  1.1717E-02
 0.9225252  3.6177  3.0910  0.7347 -2.183  1.121  1.354  0.760  1.446  2.291  2.982  3.140  3.261  3.935  3.7000E-02  1.9486E-02  1.0947E-02
 0.9225437  3.6137  3.1433  0.6664 -2.266  1.179  1.387  0.777  1.481  2.352  3.056  3.215  3.339  4.020  4.2400E-02  2.2329E-02  1.2543E-02
 0.9225676  3.6097  3.1960  0.5977 -2.346  1.237  1.421  0.795  1.518  2.417  3.133  3.295  3.422  4.110  5.0500E-02  2.6593E-02  1.4938E-02
 0.9225942  3.6058  3.2490  0.5291 -2.424  1.293  1.456  0.815  1.558  2.484  3.213  3.378  3.507  4.204  5.3300E-02  2.8065E-02  1.5764E-02
 0.9226209  3.6019  3.3020  0.4605 -2.496  1.348  1.492  0.838  1.605  2.556  3.298  3.466  3.599  4.305  2.6700E-02  1.4058E-02  7.8963E-03
